1.00E-03	813000
1.29E-03	894000
1.65E-03	801000
2.12E-03	954000
2.72E-03	867000
3.49E-03	600000
4.49E-03	648000
5.76E-03	987000
7.40E-03	699000
9.50E-03	891000
1.22E-02	1188000
1.57E-02	1116000
2.01E-02	1257000
2.58E-02	981000
3.31E-02	1278000
4.26E-02	1266000
5.46E-02	1380000
7.02E-02	1965000
9.01E-02	1779000
1.16E-01	1701000
1.49E-01	1914000
1.91E-01	2262000
2.45E-01	2457000
3.15E-01	2130000
4.04E-01	2748000
5.18E-01	3228000
6.66E-01	3516000
8.55E-01	4458000
1.10E+00	3036000
1.30E+00	4938000
1.44E+00	6231000
1.55E+00	3201000
1.63E+00	5655000
1.75E+00	6630000
1.94E+00	7521000
2.14E+00	5124000
2.37E+00	6999000
2.55E+00	8784000
2.68E+00	6225000
2.80E+00	8616000
2.95E+00	10356000
3.19E+00	5313000
3.53E+00	8217000
3.90E+00	7635000
4.20E+00	9447000
4.42E+00	7743000
4.77E+00	10065000
5.27E+00	10176000
5.90E+00	10332000
6.68E+00	10944000
7.57E+00	10983000
8.58E+00	10794000
9.72E+00	12231000
1.10E+01	13008000
1.25E+01	14604000
1.42E+01	15180000
1.60E+01	16692000
1.82E+01	17262000
2.03E+01	18381000
2.16E+01	20976000
2.27E+01	20571000
2.39E+01	25188000
2.45E+01	27381000
2.54E+01	33186000
2.71E+01	21666000
3.00E+01	15105000
3.31E+01	21333000
3.47E+01	24120000
3.56E+01	23304000
3.85E+01	24723000
4.36E+01	27948000
4.94E+01	30075000
5.45E+01	31077000
5.80E+01	33765000
6.10E+01	33921000
6.50E+01	35457000
7.19E+01	40422000
8.14E+01	42831000
9.23E+01	47364000
1.05E+02	51336000
1.14E+02	57945000
1.20E+02	60399000
1.26E+02	66135000
1.32E+02	64182000
1.39E+02	63678000
1.46E+02	62199000
1.54E+02	69936000
1.60E+02	75834000
1.64E+02	77703000
1.68E+02	78282000
1.72E+02	72516000
1.79E+02	83922000
1.88E+02	77103000
1.97E+02	79854000
2.08E+02	85767000
2.18E+02	89715000
2.29E+02	92559000
2.41E+02	100782000
2.54E+02	101757000
2.67E+02	110268000
2.77E+02	108177000
2.84E+02	106761000
2.91E+02	112104000
2.98E+02	123216000
3.06E+02	128238000
3.14E+02	128433000
3.26E+02	119451000
3.42E+02	134022000
3.60E+02	131922000
3.78E+02	139446000
3.98E+02	137013000
4.18E+02	133476000
4.40E+02	129852000
4.62E+02	147843000
4.86E+02	157506000
5.04E+02	152544000
5.17E+02	167004000
5.30E+02	164010000
5.43E+02	166992000
5.64E+02	171750000
5.93E+02	177858000
6.24E+02	184446000
6.56E+02	181047000
6.89E+02	188613000
7.25E+02	186111000
7.62E+02	185130000
8.01E+02	189267000
8.42E+02	189552000
8.85E+02	181233000
9.30E+02	182433000
9.58E+02	189459000
9.70E+02	174558000
9.90E+02	177252000
1.03E+03	171471000
1.08E+03	176715000
1.14E+03	170403000
1.18E+03	163599000
1.21E+03	168342000
1.26E+03	160563000
1.32E+03	154614000
1.39E+03	148389000
1.46E+03	145452000
1.52E+03	145878000
1.55E+03	140205000
1.59E+03	144825000
1.63E+03	136332000
1.70E+03	137940000
1.78E+03	135786000
1.85E+03	134943000
1.90E+03	128325000
1.94E+03	126174000
1.99E+03	129276000
2.07E+03	123447000
2.18E+03	121800000
2.25E+03	120015000
2.29E+03	125157000
2.33E+03	121686000
2.36E+03	125352000
2.38E+03	119172000
2.41E+03	117966000
2.45E+03	125832000
2.53E+03	115485000
2.66E+03	109833000
2.80E+03	113310000
2.94E+03	109122000
3.05E+03	108351000
3.13E+03	108774000
3.21E+03	105672000
3.29E+03	105519000
3.41E+03	100986000
3.59E+03	102270000
3.77E+03	98184000
3.97E+03	96318000
4.17E+03	98118000
4.38E+03	93333000
4.55E+03	92619000
4.67E+03	91653000
4.78E+03	91989000
4.90E+03	90351000
5.09E+03	86739000
5.35E+03	82974000
5.63E+03	83778000
5.84E+03	80154000
5.99E+03	79323000
6.14E+03	80397000
6.30E+03	76950000
6.46E+03	77205000
6.57E+03	78045000
6.62E+03	78333000
6.68E+03	75441000
6.79E+03	72630000
6.96E+03	75429000
7.14E+03	69894000
7.32E+03	71814000
7.50E+03	72183000
7.69E+03	68379000
7.89E+03	70218000
8.09E+03	67023000
8.29E+03	64887000
8.50E+03	65943000
8.72E+03	61650000
8.94E+03	56859000
9.16E+03	59775000
9.39E+03	58701000
9.63E+03	57408000
9.88E+03	53370000
1.01E+04	53124000
1.04E+04	54765000
1.06E+04	50817000
1.09E+04	50289000
1.12E+04	48624000
1.15E+04	46353000
1.18E+04	47694000
1.21E+04	44142000
1.24E+04	42876000
1.27E+04	41130000
1.30E+04	42912000
1.33E+04	42906000
1.37E+04	39393000
1.40E+04	39924000
1.44E+04	39474000
1.47E+04	36183000
1.51E+04	35403000
1.55E+04	35619000
1.59E+04	37953000
1.63E+04	35085000
1.67E+04	35646000
1.71E+04	32298000
1.76E+04	31653000
1.80E+04	30030000
1.85E+04	31974000
1.89E+04	29406000
1.94E+04	28998000
1.98E+04	29505000
2.12E+04	26841000
2.37E+04	24024000
2.62E+04	21552000
2.87E+04	20133000
3.12E+04	19686000
3.37E+04	19692000
3.62E+04	19446000
3.87E+04	19407000
4.11E+04	19611000
4.36E+04	18243000
4.61E+04	18651000
4.86E+04	18075000
5.11E+04	18645000
5.36E+04	17805000
5.61E+04	17457000
5.86E+04	17829000
6.10E+04	16041000
6.35E+04	16695000
6.60E+04	16305000
6.85E+04	15171000
7.10E+04	15729000
7.35E+04	15327000
7.60E+04	13752000
7.84E+04	14202000
8.09E+04	14685000
8.34E+04	12303000
8.59E+04	12330000
8.84E+04	12693000
9.09E+04	12894000
9.34E+04	11601000
9.59E+04	11904000
9.83E+04	12201000
1.01E+05	12525000
1.03E+05	10110000
1.06E+05	9777000
1.08E+05	10011000
1.11E+05	10221000
1.13E+05	10224000
1.16E+05	7848000
1.18E+05	8025000
1.21E+05	8193000
1.23E+05	8358000
1.26E+05	8532000
1.28E+05	7356000
1.31E+05	7173000
1.33E+05	7305000
1.36E+05	7455000
1.38E+05	7587000
1.41E+05	7746000
1.43E+05	5577000
1.46E+05	5436000
1.48E+05	5526000
1.51E+05	5604000
1.53E+05	5715000
1.56E+05	5805000
1.58E+05	5040000
1.61E+05	3534000
1.63E+05	3588000
1.65E+05	3639000
1.68E+05	3702000
1.70E+05	3756000
1.73E+05	3798000
1.75E+05	3861000
1.78E+05	2718000
1.80E+05	2754000
1.83E+05	2787000
1.85E+05	2823000
1.88E+05	2865000
1.90E+05	2901000
1.93E+05	2928000
1.95E+05	2970000
1.98E+05	1797000
2.00E+05	1584000
2.03E+05	1599000
2.05E+05	1632000
2.08E+05	1650000
2.10E+05	1665000
2.13E+05	1680000
2.15E+05	1701000
2.18E+05	1734000
2.20E+05	1053000
2.23E+05	786000
2.25E+05	789000
2.28E+05	807000
2.30E+05	813000
2.33E+05	816000
2.35E+05	834000
2.38E+05	834000
2.40E+05	849000
2.43E+05	858000
2.45E+05	579000
2.48E+05	381000
2.50E+05	384000
2.53E+05	387000
2.55E+05	390000
2.58E+05	396000
2.60E+05	402000
2.62E+05	411000
2.65E+05	411000
2.67E+05	414000
2.70E+05	417000
2.72E+05	366000
2.75E+05	194105
2.77E+05	197595
2.80E+05	197600
2.82E+05	199915
2.85E+05	202275
2.87E+05	200279
2.90E+05	207027
2.92E+05	202754
2.95E+05	211413
2.97E+05	213170
3.00E+05	213063
3.02E+05	215675
3.05E+05	94288
3.07E+05	0
3.10E+05	0
3.12E+05	0
3.15E+05	0
3.17E+05	0
3.20E+05	0
3.22E+05	0
3.25E+05	0
3.27E+05	0
3.30E+05	0
3.32E+05	0
3.35E+05	0
3.37E+05	0
3.40E+05	0
3.42E+05	0
3.45E+05	0
3.47E+05	0
3.50E+05	0
3.52E+05	0
3.55E+05	0
3.57E+05	0
3.59E+05	0
3.62E+05	0
3.64E+05	0
3.67E+05	0
3.69E+05	0
3.72E+05	0
3.74E+05	0
3.77E+05	0
3.79E+05	0
3.82E+05	0
3.84E+05	0
3.87E+05	0
3.89E+05	0
3.92E+05	0
3.94E+05	0
3.97E+05	0
3.99E+05	0
4.02E+05	0
4.04E+05	0
4.07E+05	0
4.09E+05	0
4.12E+05	0
4.14E+05	0
4.17E+05	0
4.19E+05	0
4.22E+05	0
4.24E+05	0
4.27E+05	0
4.29E+05	0
4.32E+05	0
4.34E+05	0
4.37E+05	0
4.39E+05	0
4.42E+05	0
4.44E+05	0
4.47E+05	0
4.49E+05	0
4.52E+05	0
4.54E+05	0
4.56E+05	0
4.59E+05	0
4.61E+05	0
4.64E+05	0
4.66E+05	0
4.69E+05	0
4.71E+05	0
4.74E+05	0
4.76E+05	0
4.79E+05	0
4.81E+05	0
4.84E+05	0
4.86E+05	0
4.89E+05	0
4.91E+05	0
4.94E+05	0
4.96E+05	0
4.99E+05	0
